1698097536199 0.536 0
1698097679903 0.7186 1
1698097824439 0.7747 2
1698097968514 0.807 3
1698098111063 0.8311 4
1698098261201 0.8463 5
1698098404405 0.8605 6
1698098547833 0.8696 7
1698098690666 0.8788 8
1698098830633 0.8853 9
1698098967196 0.8901 10
1698099104518 0.8959 11
1698099240882 0.9 12
1698099379207 0.9025 13
1698099517309 0.9054 14
1698099655939 0.9076 15
1698099793423 0.9098 16
1698099930970 0.9113 17
1698100068297 0.9127 18
1698100206778 0.9144 19
1698100342493 0.9148 20
1698100478599 0.9162 21
1698100614434 0.9179 22
1698100750708 0.9196 23
1698100886183 0.9208 24
1698101021653 0.9221 25
1698101157438 0.9232 26
1698101293969 0.9242 27
1698101429229 0.9258 28
1698101565148 0.9272 29
1698101701164 0.9289 30
1698101837344 0.9296 31
1698101972547 0.9306 32
1698102108263 0.9312 33
1698102243602 0.9323 34
1698102379325 0.9338 35
1698102514446 0.9346 36
1698102649068 0.9343 37
1698102784817 0.9375 38
1698102920279 0.9376 39
1698103056112 0.938 40
1698103190580 0.9399 41
1698103327857 0.9403 42
1698103463461 0.9417 43
1698103600378 0.9421 44
1698103736815 0.9431 45
1698103872992 0.9437 46
1698104008108 0.9442 47
1698104144253 0.9458 48
1698104280875 0.9457 49
