1698097536200 0.4707924877957021 0
1698097679905 0.7061869264704225 1
1698097824440 0.7690112863533483 2
1698097968515 0.802094800259993 3
1698098111064 0.8275119441481209 4
1698098261204 0.8435685135312919 5
1698098404407 0.8584451367816062 6
1698098547834 0.8677613564563021 7
1698098690667 0.8772780365663791 8
1698098830635 0.883793302643376 9
1698098967197 0.888710398591836 10
1698099104520 0.8946953147655403 11
1698099240883 0.8988988869520524 12
1698099379208 0.9013851097839998 13
1698099517310 0.9044039592751153 14
1698099655941 0.9065845672319073 15
1698099793425 0.9088206417354943 16
1698099930972 0.9103542570748562 17
1698100068298 0.9117420426607294 18
1698100206779 0.913485769019599 19
1698100342494 0.9138643712405067 20
1698100478601 0.9153168179464769 21
1698100614435 0.9169867597572035 22
1698100750710 0.9187574608921028 23
1698100886184 0.9199577862870791 24
1698101021654 0.9213455967163269 25
1698101157440 0.9224272078223281 26
1698101293971 0.9234143658936947 27
1698101429230 0.9250144236969586 28
1698101565150 0.9264601041654584 29
1698101701165 0.9281483948158902 30
1698101837345 0.9288845887751105 31
1698101972548 0.9298803060417258 32
1698102108264 0.9304539113750765 33
1698102243604 0.9316647242050664 34
1698102379326 0.9331672340065795 35
1698102514447 0.9339576757213462 36
1698102649070 0.9336547853317907 37
1698102784818 0.9368958103592595 38
1698102920281 0.9368889604481078 39
1698103056114 0.9374146392267978 40
1698103190582 0.9393454911784394 41
1698103327859 0.9397263769453856 42
1698103463462 0.9412198592025902 43
1698103600379 0.9415737459626173 44
1698103736816 0.9426168277896633 45
1698103872994 0.9432157580824871 46
1698104008109 0.9437359765131605 47
1698104144255 0.9453334458370213 48
1698104280876 0.9452115834719963 49
