1698097536202 0.715342333026519 0
1698097679906 0.7745713121101859 1
1698097824442 0.8007964588565109 2
1698097968517 0.8198302231556948 3
1698098111065 0.8378035117304193 4
1698098261207 0.849517776843995 5
1698098404408 0.8610183244499311 6
1698098547836 0.869635015240393 7
1698098690668 0.8781099918901061 8
1698098830636 0.8844551780229667 9
1698098967198 0.8892136802862284 10
1698099104521 0.8949222376206594 11
1698099240885 0.8991066340319012 12
1698099379209 0.9017176634257449 13
1698099517312 0.9046996182029463 14
1698099655942 0.9070102923908132 15
1698099793426 0.9093062237796797 16
1698099930973 0.9105842485977551 17
1698100068299 0.9118114797124257 18
1698100206780 0.9138208582073751 19
1698100342495 0.9139725176783642 20
1698100478602 0.9155186288888725 21
1698100614436 0.9172186675590224 22
1698100750711 0.9189613749733221 23
1698100886185 0.9200115640267219 24
1698101021656 0.9214232979727868 25
1698101157441 0.9225359854790305 26
1698101293972 0.923658879834961 27
1698101429231 0.9251849109613088 28
1698101565151 0.926690911133397 29
1698101701167 0.9282703281962708 30
1698101837346 0.929108270378522 31
1698101972549 0.9299735977823668 32
1698102108266 0.930605988710826 33
1698102243605 0.9319899219566352 34
1698102379327 0.9334028406101412 35
1698102514448 0.9342250744177185 36
1698102649071 0.9339054448177471 37
1698102784820 0.9370876357557588 38
1698102920282 0.9370230930446395 39
1698103056115 0.9376036514961671 40
1698103190583 0.9393821985089552 41
1698103327860 0.9399039772792117 42
1698103463463 0.941300251142464 43
1698103600381 0.9417157939386712 44
1698103736817 0.9429384635943112 45
1698103872995 0.9433675144459549 46
1698104008110 0.9440023069944891 47
1698104144256 0.9456374061134725 48
1698104280878 0.9453049796161587 49
