1698097536203 0.5240693064777628 0
1698097679907 0.7105337714184758 1
1698097824443 0.7687554012119534 2
1698097968518 0.8018158667113431 3
1698098111066 0.8269383082950181 4
1698098261209 0.8428988545516296 5
1698098404409 0.8579993841276256 6
1698098547837 0.8674878891472787 7
1698098690669 0.8771990905051743 8
1698098830637 0.8837527292457636 9
1698098967200 0.8887030074648955 10
1698099104522 0.8948385245454091 11
1698099240886 0.8989986337714377 12
1698099379210 0.9013987213941241 13
1698099517313 0.9044289422619327 14
1698099655943 0.9066513978645829 15
1698099793427 0.9088736734770665 16
1698099930974 0.9104967145041851 17
1698100068300 0.9119545486483933 18
1698100206782 0.913531769322183 19
1698100342496 0.914064684185685 20
1698100478603 0.9154946385825458 21
1698100614437 0.9170782729219399 22
1698100750712 0.9187913082703758 23
1698100886186 0.920110562382062 24
1698101021657 0.9214927811444209 25
1698101157442 0.922547906333047 26
1698101293973 0.9234301853654212 27
1698101429232 0.9250685062010634 28
1698101565152 0.9264606364079391 29
1698101701168 0.928206315136953 30
1698101837347 0.9288831892665437 31
1698101972551 0.9299275417987107 32
1698102108267 0.930529958659055 33
1698102243606 0.931631489291281 34
1698102379328 0.9331601165405683 35
1698102514449 0.9339186241255035 36
1698102649072 0.9337053170449886 37
1698102784821 0.9369223463297545 38
1698102920283 0.936930388215921 39
1698103056116 0.937434701267154 40
1698103190584 0.9394383620214706 41
1698103327861 0.9397094753167895 42
1698103463464 0.9412647441685815 43
1698103600382 0.941596241147648 44
1698103736818 0.9425170418670848 45
1698103872996 0.9432127538011784 46
1698104008111 0.9437025633155921 47
1698104144257 0.9452308153826049 48
1698104280879 0.9452564852997961 49
