1698097527138 0.03526351308822632 0
1698097670813 0.032172086389859515 1
1698097815383 0.02747007585167885 2
1698097959543 0.022407477589448294 3
1698098101928 0.018009877676765124 4
1698098252114 0.014638415884971619 5
1698098395219 0.012183674744764963 6
1698098538646 0.010404311261574426 7
1698098681585 0.009107041074335576 8
1698098822109 0.008151372198263803 9
1698098958605 0.007428562341630459 10
1698099095992 0.006875119772553444 11
1698099232234 0.006440373158703248 12
1698099370637 0.006098168803503116 13
1698099508674 0.005819785554210345 14
1698099647298 0.0055894240632653235 15
1698099784856 0.005393973810970783 16
1698099922392 0.005227957357466221 17
1698100059724 0.005081788619359334 18
1698100198214 0.004952920121699572 19
1698100333981 0.004834640833362937 20
1698100470020 0.004727745729933183 21
1698100605895 0.004633088765417536 22
1698100742275 0.004540861124793689 23
1698100877640 0.004456849997242292 24
1698101013147 0.004376835189387202 25
1698101148961 0.004299706684425473 26
1698101285475 0.00422701206256946 27
1698101420678 0.004158247693007191 28
1698101556532 0.004091038873915871 29
1698101692648 0.004027873885879914 30
1698101828792 0.003965309727191925 31
1698101963949 0.0039087089334925015 32
1698102099760 0.0038482255571211377 33
1698102235070 0.003792070119952162 34
1698102370748 0.0037376570156464973 35
1698102505945 0.00368262468756487 36
1698102640562 0.003629514911212027 37
1698102776300 0.0035842061176275214 38
1698102911567 0.003529555808752775 39
1698103047553 0.003481534150118629 40
1698103182069 0.0034326322286079326 41
1698103319321 0.0033868650718281664 42
1698103454957 0.003338618191766242 43
1698103591861 0.00329425271867464 44
1698103728279 0.0032483044255524874 45
1698103864453 0.0032045909808327755 46
1698103999649 0.003161572527202467 47
1698104135710 0.0031181834657366078 48
1698104272355 0.0030769909599175057 49
