1698172123850 0.0220237203369538 0
1698172283847 0.006610247400403023 1
1698172437250 0.004543482812245687 2
1698172589847 0.0036695125228414934 3
1698172742390 0.003070477998442948 4
1698172907350 0.0026114789518838126 5
1698173039479 0.0022552120006953677 6
1698173253686 0.0019778987187271317 7
1698173461228 0.001759980697898815 8
1698173667621 0.0015792706384478758 9
1698173868750 0.0014336772922426463 10
1698174068555 0.0013195812489682187 11
1698174274502 0.001223784720338881 12
1698174469585 0.0011394723528375228 13
